10.025000 10.025500 10.026010 10.026530 10.027061 10.027602 10.028154 10.028717 10.029291 10.029877 
10.530000 10.530600 10.531212 10.531836 10.532473 10.533122 10.533785 10.534461 10.535150 10.535853 
11.061000 11.061720 11.062454 11.063203 11.063968 11.064747 11.065542 11.066353 11.067180 11.068023 
11.619450 11.620314 11.621195 11.622094 11.623011 11.623946 11.624900 11.625873 11.626866 11.627878 
12.206902 12.207939 12.208997 12.210076 12.211176 12.212298 12.213443 12.214610 12.215801 12.217016 
12.825024 12.826268 12.827537 12.828831 12.830152 12.831498 12.832872 12.834273 12.835702 12.837160 
13.475606 13.477099 13.478622 13.480175 13.481760 13.483376 13.485024 13.486705 13.488420 13.490170 
14.160584 14.162375 14.164203 14.166067 14.167968 14.169907 14.171885 14.173903 14.175961 14.178060 
14.882050 14.884200 14.886393 14.888629 14.890911 14.893238 14.895612 14.898033 14.900502 14.903021 
15.642277 15.644857 15.647488 15.650172 15.652910 15.655703 15.658551 15.661456 15.664420 15.667443 
